29
841 3
97336 53547 18412
144 2
2159 86252
13 2
27540 35977
198 4
43277 85926 67461 72862
682 7
62803 36725 2095 99911 37421 71748 64141
70 7
46955 59038 39147 69450 12609 64693 51218
44 8
67337 19798 6481 11301 7177 48493 12732 27027
856 16
93699 18910 28726 24378 44849 28413 20892 62884 9664 11792 45789 57723 76147 35138 48369 10159
471 14
3483 15816 14167 12704 51538 81107 32118 73200 6961 35339 73414 18841 90830 99955
120 12
27416 77479 37305 54379 90825 25587 84406 26106 44585 32188 8848 85140
435 22
58609 81036 84965 3191 31747 37475 56133 87514 468 11718 40494 34241 48405 79112 21866 97688 35239 95274 95703 34335 46239 32522
386 14
65711 31085 23902 89204 46755 43600 41109 36458 18421 17512 6016 67088 33385 85219
275 21
44687 56099 19197 87440 5874 89075 80390 13727 34654 78046 15809 28202 24185 37622 62421 90778 68837 58119 65345 56813 38324
406 19
5175 80456 82163 71181 95533 76263 22702 32315 38572 11373 33777 39409 7785 97729 83364 54313 15264 84733 43520
281 7
35282 28028 98763 61772 39307 34826 58260
762 18
71309 55343 8710 48424 67087 51709 77147 7198 44445 74542 5687 82838 9091 65447 22616 34911 86598 10739
463 10
69374 3496 9592 51567 16211 84698 4723 72088 55917 77430
628 24
21435 195 2077 46407 36084 75296 41450 86412 7421 11306 39111 20111 61834 26672 28769 76074 62512 84904 24701 71292 98692 5476 90249 41304
552 12
26350 64790 19646 43328 94290 25992 55545 95124 49661 9877 47379 37990
948 17
39578 79672 91111 6900 55675 89537 49716 36420 98258 25708 53225 11347 47500 39097 96773 28157 8941
450 23
98694 96331 78089 34850 33222 26416 34350 62328 25354 16126 41428 54622 41943 38383 1731 361 33142 17196 5722 57628 29185 69742 99360
761 25
32368 24676 78140 41509 6162 87097 38096 35721 43034 15455 11921 37498 96592 25330 32275 41984 98277 31384 90488 42292 50358 7130 77219 95034 83559
231 7
32599 49217 32684 23534 51340 2623 63041
328 12
33740 81785 49207 19527 367 53214 19780 96227 43999 33938 25160 34807
703 20
71501 60396 47401 44773 39512 87338 14638 26371 49064 81481 90768 1560 54963 18747 9559 95323 129 6977 86675 62254
629 25
86651 56522 72254 58470 7430 76198 42790 49760 85930 44767 15381 33843 40469 6335 49084 44432 78674 4119 44720 59031 94070 40806 32770 61500 23563
134 50
52238 42793 68066 44414 21592 20875 4582 17550 35696 87678 82963 8785 18505 81371 11695 45173 76728 12624 78823 67477 29505 13923 37592 19265 5390 76831 62313 35305 44789 70172 78647 24726 20376 92056 15232 73713 85188 85402 38058 85363 55454 63228 38969 72308 76517 49648 77437 61721 95182 78118
423 145
73766 14595 78835 11857 76465 7041 27046 27506 79634 81095 78280 51959 41846 48212 21288 61726 1475 55485 42076 55318 8300 21968 11408 61342 18023 90773 98062 39348 47573 58919 24779 97601 29008 76254 22721 53593 55241 59941 97184 75007 42922 54245 17783 83642 66660 87020 31825 13696 43464 65176 43989 94128 10440 50431 57102 42377 25281 31247 57761 85565 76120 59120 64020 17864 74346 78670 75504 65413 96058 72153 86435 85044 39106 91969 74453 85006 55459 57709 48034 19662 5156 98010 71223 64440 42600 37612 52618 50207 87770 61306 40371 15706 52477 92436 45693 68011 38223 84682 50085 80124 46646 44921 50892 22127 15156 71144 39581 38122 22570 86077 45120 96378 54163 41787 25557 4738 66731 39640 13769 72419 41829 92034 64854 7321 68594 65191 83759 39174 97314 18964 70936 73350 62617 92952 31081 14260 49203 54115 60063 63717 39265 76225 73029 52814 71029
664 182
33351 66529 17852 27475 34691 79615 44006 41998 42282 99188 78759 73409 25487 68467 19211 67916 61718 82779 87939 64764 98936 35941 15420 51842 41794 63838 75344 20945 13386 80367 16290 27498 75742 56706 74640 87916 54607 72639 98083 46723 87947 33853 50795 13441 2787 53944 63625 59699 84354 34184 38768 277 30548 21531 25488 5110 45057 24275 44864 97666 24802 81392 12883 47949 64767 27243 2698 52046 91286 82325 63257 95965 43693 78570 39897 31510 63619 80520 72151 33666 23839 54770 51119 52341 92947 72311 37672 84136 5633 65903 92766 65508 28878 9229 29319 59061 66891 87913 88411 70287 85783 39068 29423 41864 30661 36324 20309 10130 59149 65425 43623 94591 49753 23314 56022 65114 82419 41686 36618 3058 44259 8708 29415 75802 86313 78749 99052 81834 83777 36926 58924 42973 24127 71535 26293 91718 48027 30053 56566 83384 7770 34848 97347 84160 23733 86292 1128 22623 20708 78941 54759 86968 65561 46469 60209 33966 10444 3733 51255 19781 97624 2998 42935 78055 92300 73777 38020 98920 60610 24763 7968 44673 41077 20988 68970 19742 76686 29023 72725 5821 11989 32082
